-2.810491246693620937e+00 1.200768994557662950e+00 2.687621474511877384e+00 1.200768994557662950e+00 1.111491168163827226e+01 -1.240924591528285381e+00 2.687621474511877384e+00 -1.240924591528285381e+00 1.367997155605676163e+01
-6.916576433815647462e+00 1.528268750525827668e+00 2.599114202672639262e+00 1.528268750525827668e+00 1.153443742940559780e+01 -9.292623185415032072e-01 2.599114202672639262e+00 -9.292623185415032072e-01 1.290367161539797181e+01
-8.322626641657080881e+00 1.111556417998380120e+00 2.550893250534282508e+00 1.111556417998380120e+00 8.576847309510819528e+00 -6.470797929368734547e-01 2.550893250534282508e+00 -6.470797929368734547e-01 1.000854632373889430e+01
-2.057778234548414353e+00 1.212963526557261362e+00 2.651951279691992625e+00 1.212963526557261362e+00 6.676994754723525993e+00 -5.765479755516440541e-01 2.651951279691992625e+00 -5.765479755516440541e-01 1.086414347792449853e+01
-2.605891143874162541e+00 1.241249131669186045e+00 2.721025263462669486e+00 1.241249131669186045e+00 5.223149260201411792e+00 -6.046121775291970479e-01 2.721025263462669486e+00 -6.046121775291970479e-01 1.164416562285138390e+01
-1.233010799210636677e+01 1.626552290260201206e+00 2.764972629895078526e+00 1.626552290260201206e+00 1.680564825049111644e+00 -7.388765048775682853e-01 2.764972629895078526e+00 -7.388765048775682853e-01 5.341206195383604971e+00
-1.676488022793839150e+01 2.724318060758030846e+00 2.501188441812895569e+00 2.724318060758030846e+00 -3.646747577854756450e+00 -1.036048389453196217e+00 2.501188441812895569e+00 -1.036048389453196217e+00 2.073145213575953993e-01
-1.321951031870308668e+01 3.201915003171553309e+00 2.230307216493184974e+00 3.201915003171553309e+00 -9.122675876049765264e+00 -1.141360049478055139e+00 2.230307216493184974e+00 -1.141360049478055139e+00 9.000829220876358505e-01
-7.113024473155432403e+00 2.447577828732795169e+00 2.703446670282306119e+00 2.447577828732795169e+00 -1.531918046170336645e+01 -1.313539354723363584e+00 2.703446670282306119e+00 -1.313539354723363584e+00 -1.065062013649379358e+00
-1.367180509219614315e+01 8.108903488375927004e-01 3.197060744882378902e+00 8.108903488375927004e-01 -1.865594295388511981e+01 -1.409604084420720271e+00 3.197060744882378902e+00 -1.409604084420720271e+00 -8.031052092452469537e+00
-1.883358250894121610e+01 -9.651627631964450685e-03 2.808571422275950358e+00 -9.651627631964450685e-03 -1.743946908052765821e+01 -1.184628340886876741e+00 2.808571422275950358e+00 -1.184628340886876741e+00 -8.183860353067858640e+00
-1.549174092124590629e+01 -2.263173693300224165e-01 2.258952476742204230e+00 -2.263173693300224165e-01 -1.101894331885711509e+01 -1.404931228930009768e+00 2.258952476742204230e+00 -1.404931228930009768e+00 1.292584349893212803e+00
-8.233787788344326231e+00 5.580519215628065854e-01 1.999840896883518626e+00 5.580519215628065854e-01 -2.631449782525931091e+00 -1.800398097179243928e+00 1.999840896883518626e+00 -1.800398097179243928e+00 7.652208014090035704e+00
-6.164052460568536063e+00 2.178476624006660423e+00 8.841576869659407700e-01 2.178476624006660423e+00 7.303313162237059508e+00 -2.125348655542465881e+00 8.841576869659407700e-01 -2.125348655542465881e+00 7.528736947687677095e+00
-1.033143954818189236e+01 1.197821377726597358e+00 4.420129799728244047e-01 1.197821377726597358e+00 1.255043035788785311e+01 -2.351549315804563722e+00 4.420129799728244047e-01 -2.351549315804563722e+00 7.735362321850879574e+00
-1.137866687747002636e+01 -8.329754812750346238e-01 -8.291368855095624379e-01 -8.329754812750346238e-01 1.505593059654409238e+01 -1.888666623259497968e+00 -8.291368855095624379e-01 -1.888666623259497968e+00 7.671420943174480200e+00
-7.230873692333837255e+00 -9.090641276894088074e-01 -8.877313590531976661e-01 -9.090641276894088074e-01 1.166300277750205261e+01 -2.112359259509652087e+00 -8.877313590531976661e-01 -2.112359259509652087e+00 3.786759062164470446e+00
1.735507965523453766e+00 -1.097194290040988257e-01 5.443491542269863759e-01 -1.097194290040988257e-01 1.278888633797453700e+01 -1.923963323622074784e+00 5.443491542269863759e-01 -1.923963323622074784e+00 5.887647586893075768e+00
1.541446524186808054e-01 1.034528206372636427e+00 1.203767382055120239e+00 1.034528206372636427e+00 7.294930574844776139e+00 -9.139364201386879216e-01 1.203767382055120239e+00 -9.139364201386879216e-01 6.003976555928172587e+00
-1.209724176026504949e+01 1.151809456150430400e+00 9.079329246434381107e-01 1.151809456150430400e+00 6.785470075470898976e+00 -7.323855430302455005e-01 9.079329246434381107e-01 -7.323855430302455005e-01 6.856439957220203496e+00
-1.583858300965174948e+01 1.645129033552370723e+00 -2.795877445678879858e-01 1.645129033552370723e+00 6.265641021186350024e+00 -2.484289405636662895e+00 -2.795877445678879858e-01 -2.484289405636662895e+00 1.753408124200690210e+01
-9.343237255848082512e+00 2.112140035714466624e+00 1.392807284633793274e-01 2.112140035714466624e+00 5.735555036398568340e+00 -2.727708075388990405e+00 1.392807284633793274e-01 -2.727708075388990405e+00 2.203947054881376744e+01
-5.038380031486571653e+00 9.771559551361731488e-01 9.062033954059963703e-01 9.771559551361731488e-01 1.015676819927471941e+00 -8.154001237039262273e-01 9.062033954059963703e-01 -8.154001237039262273e-01 1.454772812694747230e+01
-8.256528154169394895e+00 1.682688679844353219e+00 2.641583122301155218e+00 1.682688679844353219e+00 -5.839744878542323825e+00 -1.345769300683167913e+00 2.641583122301155218e+00 -1.345769300683167913e+00 7.671946121265871277e+00
-1.598876678165268928e+01 3.277278815796254463e+00 4.661265166259161319e+00 3.277278815796254463e+00 -1.258472020422907534e+01 -3.097306837279364178e+00 4.661265166259161319e+00 -3.097306837279364178e+00 5.656842758265781868e+00
-1.732822018867462077e+01 3.839868906573420393e+00 4.933679078914426697e+00 3.839868906573420393e+00 -1.104229704317448935e+01 -3.847766603405210262e+00 4.933679078914426697e+00 -3.847766603405210262e+00 -4.675947440339840000e+00
-1.322994119968840110e+01 4.200289518597777771e+00 4.953579317256097347e+00 4.200289518597777771e+00 -3.271322329599061884e+00 -4.573678320816263465e+00 4.953579317256097347e+00 -4.573678320816263465e+00 -1.315737465257505079e+01
-7.637178442248612420e+00 3.298221276670336266e+00 4.754478647044983575e+00 3.298221276670336266e+00 -2.715127645252517929e+00 -4.134123967338729777e+00 4.754478647044983575e+00 -4.134123967338729777e+00 -1.093706426061432246e+01
-9.663922732957983541e+00 1.017456732165624850e-01 4.757388375876141495e+00 1.017456732165624850e-01 3.311007017402837427e+00 -2.538942450235063930e+00 4.757388375876141495e+00 -2.538942450235063930e+00 -2.872402262526128069e+00
-1.572783644675435433e+01 -5.647729897446265301e-01 3.988815574265945685e+00 -5.647729897446265301e-01 4.289239097330738382e+00 -1.597345744141916990e+00 3.988815574265945685e+00 -1.597345744141916990e+00 3.024198345696637258e+00
-2.020199152717714242e+01 1.221671682695756544e+00 3.169899353968124611e+00 1.221671682695756544e+00 -3.534851146485861850e+00 -1.540169846800354181e+00 3.169899353968124611e+00 -1.540169846800354181e+00 -3.952835854989322772e-02
-1.242043516385084700e+01 1.908980641557018076e+00 2.027944056885700341e+00 1.908980641557018076e+00 -5.714274260118453519e+00 -1.512745838054104341e+00 2.027944056885700341e+00 -1.512745838054104341e+00 -5.696585756703438364e+00
-5.202316498399485845e+00 1.457133260219144688e+00 3.503148943454355013e-01 1.457133260219144688e+00 -3.190726042339321555e+00 -1.688286070302397412e+00 3.503148943454355013e-01 -1.688286070302397412e+00 -7.223922111055330220e+00
-7.855190897306833619e+00 6.961508971993899397e-01 -4.664634859806887079e-01 6.961508971993899397e-01 -2.272545575867173984e+00 -1.975439447673017490e+00 -4.664634859806887079e-01 -1.975439447673017490e+00 -8.700891419070316601e+00
-1.817531292862114967e+01 4.421523069268588624e-01 7.049335592267986783e-01 4.421523069268588624e-01 -3.701937260198153723e+00 -1.316281143768537332e+00 7.049335592267986783e-01 -1.316281143768537332e+00 -1.166963613806027311e+01
-1.599908399642663603e+01 1.477863508124547531e-01 2.089011118554797264e+00 1.477863508124547531e-01 -9.998211080211200086e-01 -1.781048015071340640e-01 2.089011118554797264e+00 -1.781048015071340640e-01 -9.685592399614538550e+00
-7.225993204891426380e+00 1.192976025997578127e+00 3.138373410534087693e+00 1.192976025997578127e+00 5.554098066932248834e+00 5.181025801086861643e-02 3.138373410534087693e+00 5.181025801086861643e-02 -3.658754411338859813e-01
-5.179072733503165438e+00 1.668762877068314499e+00 2.320589979206721942e+00 1.668762877068314499e+00 9.002122000355678111e+00 1.478763393924406588e-01 2.320589979206721942e+00 1.478763393924406588e-01 8.655323206139726722e+00
-1.214671557831329096e+01 1.308475836957208038e+00 1.492771983267243974e-01 1.308475836957208038e+00 7.623834474111323090e+00 4.147966802536085518e-01 1.492771983267243974e-01 4.147966802536085518e-01 1.134776764285388673e+01
-1.187317939125641963e+01 1.577121502032422962e+00 4.654453400489827475e-01 1.577121502032422962e+00 8.584696621542136086e+00 8.117925810832238298e-01 4.654453400489827475e-01 8.117925810832238298e-01 1.026014717736705428e+01
-5.305910197087960967e+00 4.287265692105128867e-01 8.350997982355964355e-01 4.287265692105128867e-01 7.256978211565531467e+00 2.628965463845275852e-01 8.350997982355964355e-01 2.628965463845275852e-01 1.032345163251716968e+01
3.003231015300657170e+00 -1.311987568153385464e-01 1.120796036207617252e+00 -1.311987568153385464e-01 6.243039219133608597e+00 -4.822467915121059212e-01 1.120796036207617252e+00 -4.822467915121059212e-01 9.974651067537898541e+00
-3.923195180784198044e+00 8.060611769868544219e-01 1.402206298935706474e+00 8.060611769868544219e-01 5.724697645985407313e+00 -6.370782064458803129e-01 1.402206298935706474e+00 -6.370782064458803129e-01 7.011007866322328752e+00
-1.012670384892198072e+01 1.254785697513718601e+00 1.319738479148881982e+00 1.254785697513718601e+00 7.448465060445095709e+00 -1.047647419131503943e+00 1.319738479148881982e+00 -1.047647419131503943e+00 4.761213888562392249e+00
-9.258930168300208763e+00 1.532711007054779140e+00 1.430921662517158355e+00 1.532711007054779140e+00 8.614464368900071278e+00 -9.559015413281914952e-01 1.430921662517158355e+00 -9.559015413281914952e-01 4.785078686137546278e+00
-3.366526287695977615e+00 2.104924568198212054e+00 1.677943985358364198e+00 2.104924568198212054e+00 1.141750428474554724e+01 -7.905969375553837386e-01 1.677943985358364198e+00 -7.905969375553837386e-01 5.721348706865611256e+00
-5.276707630486513700e+00 1.861710126480910388e+00 2.489075649309387739e+00 1.861710126480910388e+00 1.210704325877275700e+01 -1.259241081016145625e+00 2.489075649309387739e+00 -1.259241081016145625e+00 5.907738432367437120e+00
-1.291728101861304445e+01 1.412265898071682679e+00 3.416898522813677896e+00 1.412265898071682679e+00 8.446674761926507458e+00 -1.302535841858729615e+00 3.416898522813677896e+00 -1.302535841858729615e+00 3.830367980101975434e+00
-1.695952765349930758e+01 1.507620617516135075e+00 3.276514127498814322e+00 1.507620617516135075e+00 3.628651503324688221e+00 -1.041306088832906651e+00 3.276514127498814322e+00 -1.041306088832906651e+00 -2.445552297159079777e-02
-1.124816025550803467e+01 1.889823469089322527e+00 2.540517357890237360e+00 1.889823469089322527e+00 -1.600206877296517893e+00 -1.021383363633293184e+00 2.540517357890237360e+00 -1.021383363633293184e+00 -1.848145845034441237e+00
-6.415488774862851962e+00 2.199423636918186986e+00 1.744296709450675609e+00 2.199423636918186986e+00 -4.378528535733828164e+00 -8.400459562054706231e-01 1.744296709450675609e+00 -8.400459562054706231e-01 -3.155312866265293614e+00
-8.155992945916951342e+00 1.984331734752265763e+00 1.810960565856382321e+00 1.984331734752265763e+00 -6.070565442753481200e+00 -6.843752568861651842e-01 1.810960565856382321e+00 -6.843752568861651842e-01 -5.962074112543398030e+00
-1.602587027934674779e+01 1.629467578237760561e+00 2.692351099928047553e+00 1.629467578237760561e+00 -7.903343729024268072e+00 -1.223565931501396253e+00 2.692351099928047553e+00 -1.223565931501396253e+00 -6.735795672278986679e+00
-1.480343777170371311e+01 1.347140198885880213e+00 3.087978614898555740e+00 1.347140198885880213e+00 -5.332967758469862041e+00 -1.835995968479705587e+00 3.087978614898555740e+00 -1.835995968479705587e+00 -1.031127490254061474e+00
-8.077221294493536874e+00 1.501340102090058304e+00 2.916429201633677692e+00 1.501340102090058304e+00 3.546878403335497754e-01 -1.821889147582478996e+00 2.916429201633677692e+00 -1.821889147582478996e+00 5.711646272705034555e+00
-5.181528529387668947e+00 1.061120525405688575e+00 3.695228774291600793e+00 1.061120525405688575e+00 3.844843924860853690e+00 -1.511396733920974400e+00 3.695228774291600793e+00 -1.511396733920974400e+00 5.286811870451156636e+00
-9.130361388789683730e+00 -3.650417003824100726e-01 4.436406559138961647e+00 -3.650417003824100726e-01 3.785047853742018908e+00 -1.361209647139977497e+00 4.436406559138961647e+00 -1.361209647139977497e+00 4.881239979779023130e+00
-1.158840833766761769e+01 -8.421371121351246547e-01 3.415040449765557096e+00 -8.421371121351246547e-01 3.211772220573251069e+00 -1.125141019911694462e+00 3.415040449765557096e+00 -1.125141019911694462e+00 7.871158740962526323e+00
-7.838000909322765608e+00 -5.802601269966364481e-03 1.558746339266952274e+00 -5.802601269966364481e-03 2.008111587315378976e+00 -9.185514484774013333e-01 1.558746339266952274e+00 -9.185514484774013333e-01 7.936075683810987158e+00
-3.947020273328611384e-01 5.118151306905801556e-01 4.252383950849681349e-01 5.118151306905801556e-01 1.557082267358446792e+00 -1.196220307845422548e+00 4.252383950849681349e-01 -1.196220307845422548e+00 7.837355933771182670e+00
-2.777953257409038201e+00 1.784561327439475820e+00 4.769545669825245304e-01 1.784561327439475820e+00 2.287965850975909099e+00 -1.808218073703153461e+00 4.769545669825245304e-01 -1.808218073703153461e+00 7.145551349974383015e+00
-1.033897164547636649e+01 3.751670640172701798e+00 1.144529718076091829e+00 3.751670640172701798e+00 1.583145087414636887e+00 -2.033676049167333577e+00 1.144529718076091829e+00 -2.033676049167333577e+00 8.051132638160824584e+00
-1.087413396732761228e+01 3.913958361011989684e+00 1.400162455695198593e+00 3.913958361011989684e+00 2.142133993121169144e+00 -1.901396669491773661e+00 1.400162455695198593e+00 -1.901396669491773661e+00 8.843416160462867381e+00
-3.279247236850060254e+00 2.590610807416030781e+00 6.275983289626287931e-01 2.590610807416030781e+00 7.968892359245189461e+00 -1.175179834892831954e+00 6.275983289626287931e-01 -1.175179834892831954e+00 7.346371318104310433e+00
-5.122810460815689915e-01 1.524618899659532456e+00 7.278685642132775024e-01 1.524618899659532456e+00 4.068788362599692121e+00 -8.563141237046180132e-01 7.278685642132775024e-01 -8.563141237046180132e-01 2.338177096575795755e+00
-1.034979217884275648e+01 1.849887851928059934e+00 1.632576199848670973e+00 1.849887851928059934e+00 -2.801663536832097012e+00 -1.145963543111296890e+00 1.632576199848670973e+00 -1.145963543111296890e+00 -3.984615447768227181e+00
-1.659193856597851635e+01 2.614365170361167667e+00 1.780894589322503219e+00 2.614365170361167667e+00 -2.693258096633531107e+00 -1.049672590028142283e+00 1.780894589322503219e+00 -1.049672590028142283e+00 -2.743903785756950597e+00
-1.297930080627008920e+01 1.496155248936085647e+00 1.992233461672441752e+00 1.496155248936085647e+00 -1.253455360437898625e+00 -4.347459376075853976e-01 1.992233461672441752e+00 -4.347459376075853976e-01 4.113219591671837705e+00
-8.692597897004393559e+00 9.152871393075560913e-02 2.459929207843384980e+00 9.152871393075560913e-02 1.777427210971135180e-02 1.535196907499781771e-01 2.459929207843384980e+00 1.535196907499781771e-01 4.171635836103082973e+00
-1.004757793017390277e+01 5.050675994781936851e-01 1.135700822958355838e+00 5.050675994781936851e-01 1.004522491537666706e+00 4.609923890402661817e-01 1.135700822958355838e+00 4.609923890402661817e-01 2.096501439312815851e+00
-1.613197829554131602e+01 1.269997588965816826e+00 -9.159993235462899897e-01 1.269997588965816826e+00 4.237222833848394710e-01 4.682571413502880087e-01 -9.159993235462899897e-01 4.682571413502880087e-01 6.574893054746821619e+00
-1.449449285422673661e+01 1.729123996370094396e+00 -9.923899003192111490e-01 1.729123996370094396e+00 4.594668291989744802e+00 -8.726380629431515490e-02 -9.923899003192111490e-01 -8.726380629431515490e-02 1.323730577504956685e+01
-9.823696251609604246e+00 3.440751938287367917e+00 4.939353788423278546e-02 3.440751938287367917e+00 7.905913315844185441e+00 -8.980344578211625350e-01 4.939353788423278546e-02 -8.980344578211625350e-01 1.603018564048067418e+01
-1.054772601122850162e+01 2.098215682389893644e+00 5.776791978920167159e-01 2.098215682389893644e+00 5.256107287915530613e+00 -1.806832193609949178e+00 5.776791978920167159e-01 -1.806832193609949178e+00 8.099796017751254240e+00
-9.338500744400494824e+00 5.583907148242627239e-01 -7.142264451601849640e-01 5.583907148242627239e-01 1.281834375654211655e+00 -2.099951944124774705e+00 -7.142264451601849640e-01 -2.099951944124774705e+00 1.837874789117974528e+00
-5.634335989594815963e+00 6.632243208743987539e-01 -2.471231244845471409e+00 6.632243208743987539e-01 3.317351850839188820e+00 -1.055198763038995402e+00 -2.471231244845471409e+00 -1.055198763038995402e+00 7.223189052086525841e+00
-7.134854350131083933e+00 6.114236223243260104e-01 -3.023056875285875744e+00 6.114236223243260104e-01 1.741156953261173479e+00 4.740698680283293998e-01 -3.023056875285875744e+00 4.740698680283293998e-01 1.006874117478389152e+01
-1.398140708431722601e+01 -1.141533218042774522e-01 -6.023376656792560624e-01 -1.141533218042774522e-01 -3.769868073004955189e+00 1.006624498465499951e+00 -6.023376656792560624e-01 1.006624498465499951e+00 9.976610241147609859e-01
-1.467198011971433758e+01 -3.250915590388284149e-01 2.070520127261241683e+00 -3.250915590388284149e-01 -5.434370993336115951e+00 1.279144963771867483e+00 2.070520127261241683e+00 1.279144963771867483e+00 -2.780768822112492877e+00
-9.106244399425936109e+00 8.113673619323515940e-01 2.830913262201085523e+00 8.113673619323515940e-01 -5.214554952354266248e+00 1.047871085422972026e+00 2.830913262201085523e+00 1.047871085422972026e+00 1.513199029189014722e+00
-6.868661280822140114e+00 2.218041407082090632e+00 2.130563308808304246e+00 2.218041407082090632e+00 -2.244618270593545351e+00 1.022381397604658959e+00 2.130563308808304246e+00 1.022381397604658959e+00 4.848676761105125688e-01
-1.204174999245096878e+01 1.557455466096590690e+00 1.853657452885367762e+00 1.557455466096590690e+00 2.960625712995254233e+00 3.897166329662414830e-01 1.853657452885367762e+00 3.897166329662414830e-01 -4.637793421914577330e+00
-1.690977680389805471e+01 1.261562392751589545e+00 1.732222167616381592e+00 1.261562392751589545e+00 5.045733025551900619e-01 -1.335414827303968099e+00 1.732222167616381592e+00 -1.335414827303968099e+00 -4.997022098184056738e+00
-1.291216750776168887e+01 3.182888455938017724e+00 1.196759269434840789e+00 3.182888455938017724e+00 -4.810432344276571293e+00 -1.048665572038246729e+00 1.196759269434840789e+00 -1.048665572038246729e+00 -7.400266387724031558e-01
-2.433634120819954116e+00 3.582676574773829614e+00 7.565711034315714123e-01 3.582676574773829614e+00 -5.954965154032287877e-01 -5.875891229594879528e-01 7.565711034315714123e-01 -5.875891229594879528e-01 1.467175117715284527e+00
-2.992838488516846418e+00 5.009445403416398435e+00 1.380385849214694483e-01 5.009445403416398435e+00 6.162699645685495220e+00 -5.460925680288527539e-01 1.380385849214694483e-01 -5.460925680288527539e-01 -4.796820565091977961e+00
-1.198453774784288584e+01 5.888948327294833973e+00 -9.415631709244942638e-01 5.888948327294833973e+00 7.489779405895396813e+00 -7.895060287301695068e-01 -9.415631709244942638e-01 -7.895060287301695068e-01 -1.012457381170032988e+01
-1.143491117057998174e+01 3.858543583283742695e+00 -2.185369742148398853e+00 3.858543583283742695e+00 2.641184522850986927e+00 -1.008463689666507790e+00 -2.185369742148398853e+00 -1.008463689666507790e+00 -6.423750064319307285e+00
-5.959705015018478491e+00 6.546062929108116268e-01 -2.102926122166952183e+00 6.546062929108116268e-01 -1.338355362551616433e-02 -1.272096510065941599e+00 -2.102926122166952183e+00 -1.272096510065941599e+00 -2.857464266663770847e+00
-8.648821001633162808e+00 7.313424852056000791e-01 2.319269736574382623e+00 7.313424852056000791e-01 -4.899682685000213311e+00 -6.290633205018262286e-01 2.319269736574382623e+00 -6.290633205018262286e-01 -7.471340153986293586e+00
-6.474798680344354018e+00 1.942084854071788991e+00 4.954360780596585911e+00 1.942084854071788991e+00 -4.113897370154451671e+00 -3.340513342099000194e-01 4.954360780596585911e+00 -3.340513342099000194e-01 -1.237875566185791865e+00
-6.863851984379809146e+00 1.104084880763205767e+00 5.289020617337291341e+00 1.104084880763205767e+00 -4.286385870285011279e+00 -1.136947853390398500e+00 5.289020617337291341e+00 -1.136947853390398500e+00 8.348454195473665962e+00
-6.696196298829158344e+00 2.074847292913648833e-01 3.573327805178745820e+00 2.074847292913648833e-01 -2.734111597632285395e+00 -1.657195057539752270e+00 3.573327805178745820e+00 -1.657195057539752270e+00 1.503969990930625933e+01
-9.135803877151875696e+00 1.045778037511785330e+00 2.164133099578457120e+00 1.045778037511785330e+00 9.460792042160652837e-01 -1.644956735749201648e+00 2.164133099578457120e+00 -1.644956735749201648e+00 1.517538793943574404e+01
-8.038777856178587200e+00 1.817800534353886777e+00 2.444450795023130230e+00 1.817800534353886777e+00 9.593008053846533656e+00 -1.566306433642193907e+00 2.444450795023130230e+00 -1.566306433642193907e+00 1.172931303603262165e+01
-6.411651122637419320e+00 1.807534307895494630e+00 3.080295311131572511e+00 1.807534307895494630e+00 1.067677522018816383e+01 -1.384509354019537897e+00 3.080295311131572511e+00 -1.384509354019537897e+00 1.014454783590542242e+01
-8.079797390208128149e+00 2.230663595614816419e+00 1.731499957741385209e+00 2.230663595614816419e+00 1.115585563886361165e+01 -9.914926346438242000e-01 1.731499957741385209e+00 -9.914926346438242000e-01 1.107420963079431608e+01
-1.024140167049132089e+01 2.623014348604207679e+00 5.309810269666611626e-01 2.623014348604207679e+00 1.044431618524341943e+01 -1.197241687026642687e+00 5.309810269666611626e-01 -1.197241687026642687e+00 4.077509626351717209e+00
-1.171928730278658115e+01 2.323874331285028294e+00 1.368134014461040104e+00 2.323874331285028294e+00 5.106811663016447511e+00 -1.404263517665142347e+00 1.368134014461040104e+00 -1.404263517665142347e+00 -2.428589968046422243e+00
-6.598910091611700501e+00 1.511235250696011612e+00 1.888570488778092082e+00 1.511235250696011612e+00 2.708974685758446022e+00 -1.501043336614549251e+00 1.888570488778092082e+00 -1.501043336614549251e+00 -7.323859558586984231e-02
-6.961649190405038823e+00 3.208698198277242786e-01 1.157126132509948446e+00 3.208698198277242786e-01 8.074744364033876742e-01 -1.727766845087783887e+00 1.157126132509948446e+00 -1.727766845087783887e+00 2.818173328084859985e+00
-1.524998219624976059e+01 -5.543239746640345189e-02 1.498385920337406807e+00 -5.543239746640345189e-02 -1.383396285550478222e+00 -2.017816814238957424e+00 1.498385920337406807e+00 -2.017816814238957424e+00 -4.980052295980718635e-01
-1.561796527538553825e+01 2.863642419071010248e-01 3.095676263228442249e+00 2.863642419071010248e-01 -1.449987058911465398e+00 -2.211801505255672318e+00 3.095676263228442249e+00 -2.211801505255672318e+00 -2.359227965224896639e+00
-8.788619291070995487e+00 6.412386910311543842e-01 4.005162820118680855e+00 6.412386910311543842e-01 5.337728442946415575e-01 -1.942485956203416020e+00 4.005162820118680855e+00 -1.942485956203416020e+00 1.313782069713985257e+00
-4.617775509455790406e+00 2.943922241414700935e-01 3.350527034241610469e+00 2.943922241414700935e-01 6.126060793179977093e-01 -1.620746125808902871e+00 3.350527034241610469e+00 -1.620746125808902871e+00 6.037720455025867849e+00
-1.187146890170505387e+01 -9.943473054225941965e-01 2.301997335926254440e+00 -9.943473054225941965e-01 -3.254417078274991493e-01 -1.748526178361282435e+00 2.301997335926254440e+00 -1.748526178361282435e+00 8.055552283897608135e+00
-1.419710305965303121e+01 -8.272796981691763474e-01 2.304086379230585901e+00 -8.272796981691763474e-01 3.978993683990655894e-02 -1.692678596841217020e+00 2.304086379230585901e+00 -1.692678596841217020e+00 4.905381599002932802e+00
-7.188165729564746975e+00 1.365465622743951668e+00 2.848054047817743850e+00 1.365465622743951668e+00 5.884849432403940206e-01 -1.000289779216612107e+00 2.848054047817743850e+00 -1.000289779216612107e+00 1.671102625430318511e+00
5.139042651637444337e-01 1.956204661816083545e+00 3.097615760409666574e+00 1.956204661816083545e+00 2.787203635147547320e+00 -2.344963532330815725e-01 3.097615760409666574e+00 -2.344963532330815725e-01 2.948142823469743323e+00
-7.242888544304181053e+00 1.197586861151869853e+00 2.007836422381934494e+00 1.197586861151869853e+00 3.701229611642376405e+00 -9.922488537265948538e-02 2.007836422381934494e+00 -9.922488537265948538e-02 2.457338554649205697e+00
-1.384052659692999043e+01 1.991150813604644965e+00 1.011968913481548382e+00 1.991150813604644965e+00 2.669917821775107392e+00 -2.470571060367280913e-01 1.011968913481548382e+00 -2.470571060367280913e-01 -3.036950948862220834e+00
-7.462720333035787412e+00 3.038001069331432547e+00 5.272950557216040668e-01 3.038001069331432547e+00 5.705593293070174710e+00 -4.035990146827788672e-01 5.272950557216040668e-01 -4.035990146827788672e-01 -2.365650464647358842e+00
-4.813983087134632299e+00 3.098393708910736510e+00 9.069835679711406584e-01 3.098393708910736510e+00 8.100854548842175262e+00 -4.660582311524633092e-01 9.069835679711406584e-01 -4.660582311524633092e-01 5.937506735291420840e-02
-9.067932623694488825e+00 2.349095028340488778e+00 2.062681503358369195e+00 2.349095028340488778e+00 6.799400882392665935e+00 -1.740519527006472236e-02 2.062681503358369195e+00 -1.740519527006472236e-02 2.273904124906104052e+00
-1.459111908018945236e+01 1.287638414926942643e+00 2.593931283392588050e+00 1.287638414926942643e+00 5.900962574038878472e+00 4.779177548506378659e-01 2.593931283392588050e+00 4.779177548506378659e-01 2.859343537621080511e+00
-1.108264171047865432e+01 -1.222884744377493033e-01 3.239582677540261635e+00 -1.222884744377493033e-01 4.774308719002429591e+00 6.457520337562250301e-01 3.239582677540261635e+00 6.457520337562250301e-01 2.795154087379705832e+00
-1.083350686698602949e+01 -4.214298573317127317e-01 2.031857601726057005e+00 -4.214298573317127317e-01 -2.862865612204792853e+00 4.330009203931459161e-01 2.031857601726057005e+00 4.330009203931459161e-01 6.673635598635989652e+00
-8.163136490413979374e+00 -7.642490859151843674e-01 1.029706139751483507e+00 -7.642490859151843674e-01 -2.112467094222272745e+00 3.401617287343585705e-01 1.029706139751483507e+00 3.401617287343585705e-01 1.140168132855753846e+01
-1.326417644153958442e+01 -1.561318550999795773e+00 1.591345113228080477e+00 -1.561318550999795773e+00 -9.051411056900349195e-01 4.204309807147700861e-01 1.591345113228080477e+00 4.204309807147700861e-01 8.482121820353167863e+00
-1.444533754852262675e+01 -1.097641123871670565e+00 2.319967293441022260e+00 -1.097641123871670565e+00 3.937981221263913145e+00 -5.880374883853658474e-01 2.319967293441022260e+00 -5.880374883853658474e-01 6.502425597982085748e+00
-9.259036355733087476e+00 1.444450990975388038e-01 2.676716660222322020e+00 1.444450990975388038e-01 8.354396859892913696e+00 -1.653109121765574674e+00 2.676716660222322020e+00 -1.653109121765574674e+00 1.013796870248912718e+01
-6.427665283729576906e+00 8.067099164379823995e-01 2.758240280819941770e+00 8.067099164379823995e-01 6.579338921341897795e+00 -1.991861979090113310e+00 2.758240280819941770e+00 -1.991861979090113310e+00 1.268313888970441283e+01
-1.443028871067305730e+01 1.918588297423403866e+00 3.028228402915014605e+00 1.918588297423403866e+00 2.719507915882909410e-01 -2.321091314088880697e+00 3.028228402915014605e+00 -2.321091314088880697e+00 1.014835743400305290e+01
-1.818054295162856349e+01 2.402357771068377890e+00 4.211038480661311034e+00 2.402357771068377890e+00 -1.565113438992055572e+00 -2.668923091185800178e+00 4.211038480661311034e+00 -2.668923091185800178e+00 4.411469645743179235e+00
-1.547091717659884047e+01 2.167521699240404498e+00 5.253391589817174356e+00 2.167521699240404498e+00 -2.327377549542438473e+00 -2.481050149032133945e+00 5.253391589817174356e+00 -2.481050149032133945e+00 1.603590144112245319e+00
-1.001487143658227019e+01 3.715458606896677285e+00 5.072319070559421661e+00 3.715458606896677285e+00 -2.390499567783818780e+00 -1.685290008912912363e+00 5.072319070559421661e+00 -1.685290008912912363e+00 3.834743284146997944e+00
-6.897141367212330287e+00 5.728132118787432780e+00 3.953340704066948152e+00 5.728132118787432780e+00 1.171595168151886357e+00 -1.192556986769123917e+00 3.953340704066948152e+00 -1.192556986769123917e+00 3.606831679308041050e+00
-8.619520731199092012e+00 2.968202368130925972e+00 2.505911063902245051e+00 2.968202368130925972e+00 8.908119168886912131e-01 -9.594843943098154693e-01 2.505911063902245051e+00 -9.594843943098154693e-01 -1.028810084966220728e+00
-1.438005448942644371e+01 -1.445592302894736614e+00 1.004812287479582178e+00 -1.445592302894736614e+00 8.154381219074111620e-01 -6.890236493807557761e-01 1.004812287479582178e+00 -6.890236493807557761e-01 5.073330008752949816e-01
-7.793423391520073906e+00 -3.268658196626526014e+00 -4.630400692844416910e-01 -3.268658196626526014e+00 7.919729860464508775e+00 -6.023177208720181808e-01 -4.630400692844416910e-01 -6.023177208720181808e-01 2.350919567642150820e+00
-1.543317958180011051e-01 -1.509644078737426565e+00 -8.747624801766004099e-01 -1.509644078737426565e+00 1.061727428522290850e+01 -5.429570869461622928e-01 -8.747624801766004099e-01 -5.429570869461622928e-01 4.064510781650431781e+00
9.133230906671502281e-01 2.638078475330456918e+00 -1.978236780095536718e+00 2.638078475330456918e+00 2.297255053647823786e+00 -8.401512558371996287e-01 -1.978236780095536718e+00 -8.401512558371996287e-01 2.972249343695133383e+00
-1.546439173793289079e+01 3.961678121388159113e+00 -3.861684015176667373e+00 3.961678121388159113e+00 -6.035989854608219574e+00 -8.769549961481913902e-01 -3.861684015176667373e+00 -8.769549961481913902e-01 4.496406641235229512e-03
-2.494758132540668782e+01 4.485810341247568722e+00 -4.036994289002170611e+00 4.485810341247568722e+00 -6.531271400009457828e+00 -4.934147393469375809e-01 -4.036994289002170611e+00 -4.934147393469375809e-01 3.021141732194841389e-01
-1.354821237777718856e+01 3.270045627085798046e+00 -1.016584340638654993e+00 3.270045627085798046e+00 -4.451882192197502697e+00 4.833997465343188304e-01 -1.016584340638654993e+00 4.833997465343188304e-01 -5.491464984717346898e-01
2.847056113616345030e+00 1.417638270095507247e+00 1.806266696108337788e+00 1.417638270095507247e+00 -3.278894268230933662e+00 1.075297855633237543e+00 1.806266696108337788e+00 1.075297855633237543e+00 -7.528614675721168048e-01
-6.734124463263893468e+00 1.970227488474412536e-01 3.559744834430118132e+00 1.970227488474412536e-01 -4.801606466196544964e+00 1.396715247613473654e+00 3.559744834430118132e+00 1.396715247613473654e+00 1.140834445836208744e+00
-2.303117784891179198e+01 -2.120193437778135903e-01 4.182923054313673283e+00 -2.120193437778135903e-01 -5.432733224063425403e+00 -3.780241821164933014e-01 4.182923054313673283e+00 -3.780241821164933014e-01 -7.043882745292695091e+00
-1.820942880232757943e+01 -8.005285451435875110e-01 2.615834915216631362e+00 -8.005285451435875110e-01 2.125925692551169366e+00 -1.497928006031334469e+00 2.615834915216631362e+00 -1.497928006031334469e+00 -7.340308469734218910e+00
-1.571425741663142528e+00 1.084809127125069494e+00 7.188718715320289165e-01 1.084809127125069494e+00 1.140576905424405396e+01 -1.346015272085258729e+00 7.188718715320289165e-01 -1.346015272085258729e+00 -1.035771311404148243e+00
-2.473076901091310731e+00 3.640244607936478638e-01 2.335525529324502969e+00 3.640244607936478638e-01 5.872088475122622775e+00 -6.696547808570030291e-01 2.335525529324502969e+00 -6.696547808570030291e-01 3.040346049316056121e+00
-1.362904779103233999e+01 -3.544614758939295118e-01 3.311346279977214646e+00 -3.544614758939295118e-01 -3.424931853213297739e-01 -4.155679427833904316e-01 3.311346279977214646e+00 -4.155679427833904316e-01 5.335705060495445906e+00
-1.703460036702383462e+01 -5.092529125177525096e-01 1.899416233539412469e+00 -5.092529125177525096e-01 1.824106697094208807e+00 -1.046634878814095782e+00 1.899416233539412469e+00 -1.046634878814095782e+00 6.328479208630580999e+00
-9.502947367103061538e+00 3.115249157236660293e-01 7.820676948730203026e-01 3.115249157236660293e-01 5.394348473007829270e+00 -8.582677318725131510e-01 7.820676948730203026e-01 -8.582677318725131510e-01 7.632526837211210946e+00
-4.401216851783241957e+00 1.843386837956372037e+00 1.487428367922176253e+00 1.843386837956372037e+00 6.411561230873624062e+00 -2.704545260557760789e-01 1.487428367922176253e+00 -2.704545260557760789e-01 6.739301162250312061e+00
-7.066079608828215619e+00 2.582267117999835104e+00 1.559884623326326381e+00 2.582267117999835104e+00 3.037954011788729591e+00 -4.582549088174182050e-01 1.559884623326326381e+00 -4.582549088174182050e-01 5.332329503658312042e+00
-1.118154188957041484e+01 2.275587790219923523e+00 1.169543456477545540e+00 2.275587790219923523e+00 2.831286222867454239e+00 -7.142463538745418283e-01 1.169543456477545540e+00 -7.142463538745418283e-01 4.934822920735401297e+00
-9.580916873873219330e+00 1.874963835429142245e+00 2.004520330293230845e+00 1.874963835429142245e+00 7.601064712429465686e+00 -6.741324488004231119e-01 2.004520330293230845e+00 -6.741324488004231119e-01 4.086557043001359801e+00
-9.473793535471843441e+00 2.234121195913937985e+00 3.437163435188775207e+00 2.234121195913937985e+00 4.654223299850597684e+00 -7.856347243778221134e-01 3.437163435188775207e+00 -7.856347243778221134e-01 3.269038833658050702e+00
-1.089159471123485901e+01 2.252709697832107061e+00 5.024034155053858086e+00 2.252709697832107061e+00 9.130763409578926959e-01 -1.601805418070808340e+00 5.024034155053858086e+00 -1.601805418070808340e+00 2.245613393647389877e+00
-9.115982386981150043e+00 1.932875762229687489e+00 5.352433514166417439e+00 1.932875762229687489e+00 6.692565161581675026e-01 -2.105388307842713136e+00 5.352433514166417439e+00 -2.105388307842713136e+00 6.332929762592541145e+00
-1.173185646522678205e+01 6.352672131881957618e-02 3.991272457273373764e+00 6.352672131881957618e-02 1.708106720406946444e+00 -1.807713783798090779e+00 3.991272457273373764e+00 -1.807713783798090779e+00 8.083894621934625491e+00
-1.066813981117344490e+01 -1.789908741987814800e+00 3.092182488467995150e+00 -1.789908741987814800e+00 1.198091771757830104e+00 -2.232440206608401922e+00 3.092182488467995150e+00 -2.232440206608401922e+00 4.069596160050618749e+00
-9.559494782677379732e+00 -1.008986631889065677e+00 1.948246660070867886e+00 -1.008986631889065677e+00 3.369199902744504982e+00 -2.383503370781761443e+00 1.948246660070867886e+00 -2.383503370781761443e+00 2.467636924743629390e+00
-3.623474569758179165e+00 2.857951676526735985e-01 6.587154214742347857e-01 2.857951676526735985e-01 5.993257809915945700e+00 -1.814426480380440632e+00 6.587154214742347857e-01 -1.814426480380440632e+00 5.521910370460477502e+00
-6.008616702408007271e+00 7.343123372526559889e-01 5.531890985615237621e-01 7.343123372526559889e-01 3.465223012670072489e+00 -1.009663593716918273e+00 5.531890985615237621e-01 -1.009663593716918273e+00 9.026119305432127149e+00
-1.128143283980483602e+01 1.228788184353917901e+00 3.326554949342119261e-01 1.228788184353917901e+00 2.106796336739220343e-01 -4.550163756875217347e-01 3.326554949342119261e-01 -4.550163756875217347e-01 5.644578088357122603e+00
-9.683166321003858101e+00 7.854052730585336928e-01 6.012329819128326980e-01 7.854052730585336928e-01 -5.510685385247153789e-01 -5.697502171815739258e-01 6.012329819128326980e-01 -5.697502171815739258e-01 -1.112876545280881091e+00
-2.525900319004648509e+00 1.040692899226843160e+00 7.762633178127296141e-01 1.040692899226843160e+00 2.791280384300093953e+00 -8.147485935817030400e-01 7.762633178127296141e-01 -8.147485935817030400e-01 -1.345137456433072032e+00
-3.205947954616457540e+00 1.958413711407817281e+00 1.342726454851443263e+00 1.958413711407817281e+00 4.996262469878781864e+00 -4.469904557165226278e-01 1.342726454851443263e+00 -4.469904557165226278e-01 1.314609421082904683e+00
-1.251512080499909807e+01 2.271227831835773703e+00 2.383308438823905195e+00 2.271227831835773703e+00 1.451888134924181673e+00 -2.807232665240181335e-01 2.383308438823905195e+00 -2.807232665240181335e-01 2.107036551687982762e+00
-1.592635535961197668e+01 2.345044104639489202e+00 2.661565431409696370e+00 2.345044104639489202e+00 -4.385245266550401033e-01 -4.169403287270634917e-01 2.661565431409696370e+00 -4.169403287270634917e-01 1.256972392852017339e+00
-6.643307337404103841e+00 2.479460078411814816e+00 2.561999473752100798e+00 2.479460078411814816e+00 1.886428782223211087e+00 -3.387296542756522699e-01 2.561999473752100798e+00 -3.387296542756522699e-01 4.727349700767094376e+00
-5.084396046163243810e+00 2.586369175905452789e+00 2.797523552671762559e+00 2.586369175905452789e+00 4.219627908001089445e+00 -3.865308730947682875e-02 2.797523552671762559e+00 -3.865308730947682875e-02 9.150714909329517255e+00
-1.333157618119292920e+01 2.118555333965204124e+00 2.606100583203353693e+00 2.118555333965204124e+00 4.135835523466328212e+00 1.368347472960241562e-01 2.606100583203353693e+00 1.368347472960241562e-01 7.423975814755348068e+00
-1.892516880188411221e+01 1.278371598731130154e+00 1.942572954716438538e+00 1.278371598731130154e+00 -1.570179691257779009e+00 -6.334186679719956692e-02 1.942572954716438538e+00 -6.334186679719956692e-02 6.005882722056294476e+00
-1.407175471253726329e+01 1.284808411898380909e+00 2.029379562582425578e+00 1.284808411898380909e+00 -4.692802541563629859e+00 -9.894549350144905830e-02 2.029379562582425578e+00 -9.894549350144905830e-02 1.240489015769981052e+00
-3.327146987592821681e+00 2.079577439418903939e+00 1.581563385674976896e+00 2.079577439418903939e+00 -2.155011051735711725e+00 -3.365833088236468429e-01 1.581563385674976896e+00 -3.365833088236468429e-01 1.860513441039740812e+00
-5.904733981604453952e+00 3.117361229885059259e+00 1.311264906554605369e+00 3.117361229885059259e+00 4.018000833525232629e+00 -7.920681405817514564e-01 1.311264906554605369e+00 -7.920681405817514564e-01 3.204315881036539970e+00
-1.711581361047898397e+01 2.601127945522003326e+00 1.956389427623193011e+00 2.601127945522003326e+00 2.630300428607338592e+00 -1.153527648840901643e+00 1.956389427623193011e+00 -1.153527648840901643e+00 6.552821798280310084e+00
-1.676893774207496079e+01 1.659382667710481041e+00 3.096116312742905663e+00 1.659382667710481041e+00 9.327530609250223037e-01 -1.537376358668035348e+00 3.096116312742905663e+00 -1.537376358668035348e+00 7.797722122064281614e+00
-3.667436583440482067e+00 1.086603645279011321e+00 4.254369458236304524e+00 1.086603645279011321e+00 2.585980111098686418e+00 -1.552243476496865116e+00 4.254369458236304524e+00 -1.552243476496865116e+00 4.173335271558783255e+00
4.305720941793746093e+00 1.410207292887722730e+00 5.067462727037531423e+00 1.410207292887722730e+00 5.840539135771949830e+00 -1.190915680252414788e+00 5.067462727037531423e+00 -1.190915680252414788e+00 1.623784709808288929e+00
-9.032598690360554627e+00 1.849136703102864487e+00 5.964048198583128624e+00 1.849136703102864487e+00 5.175532434853619357e+00 -8.318182533233873244e-01 5.964048198583128624e+00 -8.318182533233873244e-01 -7.896363221102805641e-01
