1.315775727351814695e+00 -2.302972766111949926e-02 -1.224793124939667632e-01 -2.302972766111949926e-02 1.341001764043944000e+00 -2.399095825308009394e-03 -1.224793124939667632e-01 -2.399095825308009394e-03 1.046618823243091079e+00
4.953252352372999212e+00 -8.040053072641729567e-03 -7.601019016917566207e-01 -8.040053072641729567e-03 5.427742296692273705e+00 -3.668570661320547793e-02 -7.601019016917566207e-01 -3.668570661320547793e-02 5.264105079178119873e+00
5.720623956228125806e+00 1.380609941118058903e-01 -8.567699032100064560e-01 1.380609941118058903e-01 5.619389986960208638e+00 -3.858837161399558680e-01 -8.567699032100064560e-01 -3.858837161399558680e-01 6.063470143825963277e+00
5.673416869449802391e+00 2.771013017112049504e-01 -6.342683780727099985e-02 2.771013017112049504e-01 5.778729425653045482e+00 -6.894628222764375147e-01 -6.342683780727099985e-02 -6.894628222764375147e-01 3.486504758598995224e+00
7.130086620914791062e+00 7.583230308059253355e-01 7.548631116813976361e-01 7.583230308059253355e-01 7.091193443406644370e+00 -4.340314277233977003e-01 7.548631116813976361e-01 -4.340314277233977003e-01 4.134209537588080074e+00
7.585124311858398194e+00 1.935989363400343555e+00 1.147550703042061748e+00 1.935989363400343555e+00 1.040281516898217973e+01 -5.452965994444767261e-01 1.147550703042061748e+00 -5.452965994444767261e-01 1.896388084683176212e+00
3.666234931461250568e+00 2.456685347850328771e+00 1.340780003596778069e+00 2.456685347850328771e+00 5.777078797138943678e+00 -5.090824576360869491e-01 1.340780003596778069e+00 -5.090824576360869491e-01 -4.415639484596394659e+00
-4.977462884020435463e-01 2.018473696512533611e+00 1.852858975253612872e+00 2.018473696512533611e+00 1.958768010516209079e+00 1.833544098270318279e-01 1.852858975253612872e+00 1.833544098270318279e-01 -8.311376858438238813e+00
-5.545191403974788713e+00 1.353318446865611202e+00 2.416548265323064104e+00 1.353318446865611202e+00 -4.783697566198129358e+00 5.392509254319644008e-01 2.416548265323064104e+00 5.392509254319644008e-01 -1.144697038540678946e+01
-9.881072231875306144e+00 8.971218177302491270e-01 1.988122110767684081e+00 8.971218177302491270e-01 -5.111852619567517131e+00 -2.780198693528475040e-01 1.988122110767684081e+00 -2.780198693528475040e-01 -1.175622400153450542e+01
-1.310695648895501186e+01 1.239292535697330555e+00 1.255799711160010990e+00 1.239292535697330555e+00 -1.764306743617918727e+00 -6.480269174098468588e-01 1.255799711160010990e+00 -6.480269174098468588e-01 -1.399606143102998246e+01
-1.403775857485688405e+01 1.106389266773403879e+00 1.170385888768133542e+00 1.106389266773403879e+00 -1.910527431678195942e+00 -2.046722656424218301e-01 1.170385888768133542e+00 -2.046722656424218301e-01 -1.531769153817466034e+01
-1.614293959055978434e+01 7.609976363871542304e-01 1.310515551991509930e+00 7.609976363871542304e-01 -1.168005698138569670e+01 2.384767706831267264e-01 1.310515551991509930e+00 2.384767706831267264e-01 -1.891173297450191626e+01
-1.099950005498441463e+01 -3.095294105014685937e-01 1.714994336938008956e+00 -3.095294105014685937e-01 -1.429306028496278991e+01 1.756186352223451097e-01 1.714994336938008956e+00 1.756186352223451097e-01 -1.585299053214109755e+01
-9.604577406859634792e+00 -7.463647423853633223e-01 9.313172565649143753e-01 -7.463647423853633223e-01 -7.725158629709918401e+00 -3.816656132564744119e-01 9.313172565649143753e-01 -3.816656132564744119e-01 -1.225058800418503679e+01
-6.666528222551324490e+00 1.588657479139967688e+00 1.338853322375105348e-01 1.588657479139967688e+00 -1.050187048971364501e+00 -1.856394810586763366e+00 1.338853322375105348e-01 -1.856394810586763366e+00 -9.526994317068254503e+00
-5.295998861835288452e+00 2.891651016688358666e+00 7.302051358519940916e-01 2.891651016688358666e+00 1.552041876009575772e+00 -2.283112274458802826e+00 7.302051358519940916e-01 -2.283112274458802826e+00 -5.581182385255235801e+00
-3.568314966739601690e+00 2.159028931202594759e+00 6.488727382423400414e-01 2.159028931202594759e+00 -1.420763590638525642e+00 -1.515086287830713419e+00 6.488727382423400414e-01 -1.515086287830713419e+00 -5.249916956005807656e+00
-3.328945252832412827e+00 1.533647217026200826e-01 1.876427611204088963e-01 1.533647217026200826e-01 1.007854445064638726e+00 -8.118598742990373873e-01 1.876427611204088963e-01 -8.118598742990373873e-01 -1.707128957137266090e+00
-4.372436929747460232e-01 -9.361690201309318393e-01 3.182386226336116342e-01 -9.361690201309318393e-01 9.834794682122890208e+00 1.033915740578779330e+00 3.182386226336116342e-01 1.033915740578779330e+00 7.598670883500660000e-01
8.898013838920926233e+00 -2.132477385326501995e+00 2.602007531405683971e-01 -2.132477385326501995e+00 1.012465441675477251e+01 3.759259445160391344e+00 2.602007531405683971e-01 3.759259445160391344e+00 1.158686890819141002e+00
8.680828664390062954e+00 -7.236829827786723790e-01 -6.148168092697091636e-01 -7.236829827786723790e-01 7.464000756546424142e+00 4.023294254186881247e+00 -6.148168092697091636e-01 4.023294254186881247e+00 -3.387696896403154412e+00
8.065230686023376450e+00 1.599454045159812043e+00 1.553351807871733214e+00 1.599454045159812043e+00 5.670462857483847152e+00 2.948876487359638698e+00 1.553351807871733214e+00 2.948876487359638698e+00 -8.527203512597067103e+00
1.137355342426743121e+01 4.216695696186993025e+00 2.022500543982554522e+00 4.216695696186993025e+00 9.712402022872888452e+00 1.442222145815363454e+00 2.022500543982554522e+00 1.442222145815363454e+00 -5.196615293362835786e+00
1.634424024059156721e+01 3.704125358276494584e+00 -4.305644099426872429e-02 3.704125358276494584e+00 2.126664680938096197e+01 -3.584973918575665719e-01 -4.305644099426872429e-02 -3.584973918575665719e-01 -3.078789012684142734e-01
9.344097965472638379e+00 3.312308225315191201e+00 -1.522652924055054591e+00 3.312308225315191201e+00 5.872452608518121231e+00 -3.710924376955813120e-01 -1.522652924055054591e+00 -3.710924376955813120e-01 1.414525108743722503e+00
-8.867139196613926799e+00 1.603512956841784076e+00 -2.216112743775754623e+00 1.603512956841784076e+00 -1.173485401723617727e+01 2.531413795351307172e-01 -2.216112743775754623e+00 2.531413795351307172e-01 -4.808093474112085097e+00
-1.458141366274839790e+01 4.119474943855930826e-01 -1.175574196104123725e+00 4.119474943855930826e-01 -1.418707246597763749e+01 7.686788435417014620e-01 -1.175574196104123725e+00 7.686788435417014620e-01 -9.338488781118202908e+00
-1.040545148707087186e+01 7.325391922495178010e-01 -6.477290493323171194e-01 7.325391922495178010e-01 -5.935038864326140917e-01 7.720378582069961082e-01 -6.477290493323171194e-01 7.720378582069961082e-01 -8.503080460407144159e+00
-1.177976558520108341e+01 -1.051604618827858273e+00 1.219124181002468443e+00 -1.051604618827858273e+00 -1.228274540461871212e+01 -1.761164952107349135e-01 1.219124181002468443e+00 -1.761164952107349135e-01 -1.529413358446059767e+01
-1.987777248711846667e+01 -4.040791014097218081e+00 3.707485981510276751e+00 -4.040791014097218081e+00 -2.398449112108400172e+01 -6.850478372976610553e-01 3.707485981510276751e+00 -6.850478372976610553e-01 -2.408160229350334802e+01
-2.068668037407282156e+01 -5.746316725307308637e+00 2.726130019398171456e+00 -5.746316725307308637e+00 -2.213259091602308359e+01 -1.179781702566138207e-01 2.726130019398171456e+00 -1.179781702566138207e-01 -2.698079699502851980e+01
-1.238433356612197400e+01 -3.329533594329198820e+00 -6.488569697738064690e-01 -3.329533594329198820e+00 -1.022176818867706238e+01 2.103125813265572575e+00 -6.488569697738064690e-01 2.103125813265572575e+00 -2.288631569955010647e+01
-1.325117784225650652e+01 1.090787549472038015e-01 -1.997286023498737295e+00 1.090787549472038015e-01 -1.055745832500406856e+01 2.837462868940767713e+00 -1.997286023498737295e+00 2.837462868940767713e+00 -2.239274081700885688e+01
-2.018111778550114010e+01 1.560544313107335990e+00 -2.881559759396533416e+00 1.560544313107335990e+00 -1.969890285482667380e+01 2.111048089918406756e+00 -2.881559759396533416e+00 2.111048089918406756e+00 -2.409190788316029952e+01
-1.976791911500970400e+01 1.357478131323545778e+00 -3.502141109448558165e+00 1.357478131323545778e+00 -1.838503525185467780e+01 1.195888062162527410e+00 -3.502141109448558165e+00 1.195888062162527410e+00 -2.160389579154014328e+01
-1.255473487372306707e+01 9.857907379506337664e-01 -3.209384771181237994e+00 9.857907379506337664e-01 -1.304205598562548474e+01 1.203717897830933303e+00 -3.209384771181237994e+00 1.203717897830933303e+00 -1.799874804011680851e+01
-7.646906407968550035e+00 2.547461590945769849e+00 -1.311328535522786609e+00 2.547461590945769849e+00 -7.396892725560748616e+00 1.270727087088212137e+00 -1.311328535522786609e+00 1.270727087088212137e+00 -1.335936302667362341e+01
-3.416628945194285727e+00 2.583114984453352303e+00 1.409082675836059728e-01 2.583114984453352303e+00 -1.673106854104325469e+00 -1.856663788461438563e-02 1.409082675836059728e-01 -1.856663788461438563e-02 -1.095173708628548681e+01
-3.891192215614483807e+00 6.941722694655044767e-01 -1.662255046012191609e-02 6.941722694655044767e-01 -1.241201101463583534e+00 -1.052154247707433044e+00 -1.662255046012191609e-02 -1.052154247707433044e+00 -1.009922714487879070e+01
-4.262819651100065776e+00 -4.695081018377817578e-02 -3.166764817743974447e-01 -4.695081018377817578e-02 1.071058675645203628e+00 -6.459456437893579261e-01 -3.166764817743974447e-01 -6.459456437893579261e-01 -5.633013613554475718e+00
2.484184701247002636e+00 -5.149932109735244623e-01 -6.200411187803585022e-01 -5.149932109735244623e-01 8.222811220622263662e+00 -5.177583792731169643e-01 -6.200411187803585022e-01 -5.177583792731169643e-01 2.533777083299635802e+00
8.063466620327751855e+00 -1.373512838939180636e+00 -7.762702666105766314e-01 -1.373512838939180636e+00 1.363102645401056101e+01 -7.372914625460215143e-01 -7.762702666105766314e-01 -7.372914625460215143e-01 8.253626878880528039e+00
1.357874427810312490e+01 -1.285884210892088708e+00 -3.950663097779726907e-01 -1.285884210892088708e+00 1.196831643506366305e+01 -7.509466216275608730e-01 -3.950663097779726907e-01 -7.509466216275608730e-01 9.845662420644897495e+00
1.644223310244851177e+01 -2.744561412373464071e-01 -4.691864477936706357e-01 -2.744561412373464071e-01 1.513031975789633599e+01 -6.709579563643427447e-01 -4.691864477936706357e-01 -6.709579563643427447e-01 1.143585970295768739e+01
2.147100864314319324e+01 -1.385474361142020050e-01 -1.195591093577979408e-01 -1.385474361142020050e-01 1.903867992278548016e+01 1.629494599447200986e-01 -1.195591093577979408e-01 1.629494599447200986e-01 1.302506494996223729e+01
2.192353793618746494e+01 5.444803097389388016e-03 -4.101486647316392176e-02 5.444803097389388016e-03 1.973713646600784344e+01 4.001625209061762667e-01 -4.101486647316392176e-02 4.001625209061762667e-01 1.065333490348853118e+01
1.674377762135666003e+01 4.308021638025374411e-01 -1.481529725944163156e-01 4.308021638025374411e-01 1.586463716119281564e+01 -3.046016690103547225e-02 -1.481529725944163156e-01 -3.046016690103547225e-02 8.423081442748472369e+00
1.180703357980809187e+01 8.198156746460948385e-01 -3.226774958534902038e-01 8.198156746460948385e-01 1.533590277775921251e+01 -2.455326452042446428e-01 -3.226774958534902038e-01 -2.455326452042446428e-01 6.160008361201339433e+00
6.767332245987685901e+00 8.228327646600335221e-01 -5.550601921206795852e-01 8.228327646600335221e-01 1.074185587610885406e+01 -1.088558739837160116e+00 -5.550601921206795852e-01 -1.088558739837160116e+00 3.356814197684104162e+00
3.002544754155695994e+00 5.746724718564122369e-01 -2.841091300939880063e-02 5.746724718564122369e-01 9.457095677399353306e+00 -1.712511803497093643e+00 -2.841091300939880063e-02 -1.712511803497093643e+00 3.069527683854244016e-01
-3.187886864401456855e-01 3.732592453861963144e-01 9.934238737497360638e-01 3.732592453861963144e-01 8.783809895813670110e+00 -1.639211715209079490e+00 9.934238737497360638e-01 -1.639211715209079490e+00 -3.558607814673101277e+00
-5.377189912490687007e+00 2.387145528282821061e-01 1.679252843398148842e+00 2.387145528282821061e-01 1.502126242946596468e+00 -1.590090253085805871e+00 1.679252843398148842e+00 -1.590090253085805871e+00 -7.992676908085343257e+00
-8.424177083825359347e+00 -1.968428254662878962e-01 1.548430606192431114e+00 -1.968428254662878962e-01 -5.816206752927935320e+00 -7.657007350735425266e-01 1.548430606192431114e+00 -7.657007350735425266e-01 -1.317418138305010089e+01
-6.635596815702600182e+00 -6.642703833337101349e-01 8.187478657580393726e-01 -6.642703833337101349e-01 -6.276269585532928907e+00 3.164356452477771753e-01 8.187478657580393726e-01 3.164356452477771753e-01 -1.695984056629862735e+01
-8.605760020651844755e+00 -1.030726262039507679e+00 2.186498229455132725e-01 -1.030726262039507679e+00 -9.879681760544094971e+00 9.478993716824151150e-01 2.186498229455132725e-01 9.478993716824151150e-01 -1.904601771762106210e+01
-1.724442838137710510e+01 -5.188495882683730187e-01 3.753610633984709177e-01 -5.188495882683730187e-01 -1.747764675450141780e+01 8.845285429392468757e-01 3.753610633984709177e-01 8.845285429392468757e-01 -2.034406167446928748e+01
-2.091566888748796416e+01 3.829748422029025656e-01 6.680978236960872785e-01 3.829748422029025656e-01 -2.005316044367772221e+01 1.018830049182309905e+00 6.680978236960872785e-01 1.018830049182309905e+00 -1.858571793130834138e+01
-1.829032640239612562e+01 7.197266867853385763e-01 8.577407785450550382e-01 7.197266867853385763e-01 -1.766121266074112839e+01 9.703979445031106765e-01 8.577407785450550382e-01 9.703979445031106765e-01 -1.355286745658602676e+01
-1.297151634257751240e+01 -1.613868497304488947e-01 9.010723027387500528e-01 -1.613868497304488947e-01 -7.185788681233226782e+00 3.396152255356807981e-01 9.010723027387500528e-01 3.396152255356807981e-01 -9.911056105177511455e+00
-8.612127196110593630e+00 -1.179936031308686406e+00 1.141485658388064373e+00 -1.179936031308686406e+00 -2.464377579340752966e+00 -2.208591928841047436e-01 1.141485658388064373e+00 -2.208591928841047436e-01 -1.030737793247821443e+01
-5.600343011547614047e+00 -1.585909623992367568e+00 2.403579907590676079e+00 -1.585909623992367568e+00 -2.584175391018821877e+00 -5.769362526163711591e-01 2.403579907590676079e+00 -5.769362526163711591e-01 -1.140395779226871475e+01
-3.006564982523858287e+00 -1.105840993771920688e+00 2.544105113469680379e+00 -1.105840993771920688e+00 -3.580214727298134836e+00 -1.026741681559849795e+00 2.544105113469680379e+00 -1.026741681559849795e+00 -9.980647380315161854e+00
1.345059882302081844e+00 -3.651291569402891901e-01 1.326999560142048784e+00 -3.651291569402891901e-01 -1.551692815550051785e+00 -1.165758705717621302e+00 1.326999560142048784e+00 -1.165758705717621302e+00 -6.861315355929874293e+00
6.825550048995551400e+00 -1.419290015887137990e-01 5.254436580645047705e-01 -1.419290015887137990e-01 5.247603865661980116e+00 1.939748701916705065e-01 5.254436580645047705e-01 1.939748701916705065e-01 -1.483762091434690511e+00
9.005006344168295485e+00 -8.755333083590222110e-01 -4.380039408803826362e-02 -8.755333083590222110e-01 9.544062582087544655e+00 6.968529214250785975e-01 -4.380039408803826362e-02 6.968529214250785975e-01 1.671337452345907248e+00
9.261074838175893831e+00 -7.458331706848000398e-01 9.156104691873752088e-01 -7.458331706848000398e-01 6.620051779954513549e+00 1.254469018699679583e-01 9.156104691873752088e-01 1.254469018699679583e-01 9.305621529969717587e-01
1.244342722118931199e+01 7.305409351554187358e-02 2.028824409858199562e+00 7.305409351554187358e-02 7.067481962465539169e+00 7.973079556372446586e-01 2.028824409858199562e+00 7.973079556372446586e-01 3.520150955033035434e+00
1.790103801744754008e+01 5.415665043147149110e-03 2.561514731630071040e+00 5.415665043147149110e-03 1.092978056197166659e+01 8.340687298553728368e-01 2.561514731630071040e+00 8.340687298553728368e-01 1.046577001595784928e+01
1.233888745090900407e+01 -8.105311933508894118e-01 2.911689990123015548e+00 -8.105311933508894118e-01 7.766275668956840406e+00 7.241409431989189738e-01 2.911689990123015548e+00 7.241409431989189738e-01 9.835119454541660033e+00
5.109795088343542346e+00 -9.177250916904657885e-01 2.225067410614959496e+00 -9.177250916904657885e-01 8.245935507793801023e+00 1.981819197062810956e+00 2.225067410614959496e+00 1.981819197062810956e+00 4.229703643083438713e+00
-1.293620230415091221e+00 -3.355315372998403767e+00 3.428281687481100626e-01 -3.355315372998403767e+00 6.172016030556302546e+00 1.652611303326743553e+00 3.428281687481100626e-01 1.652611303326743553e+00 -4.041542967419254673e+00
-1.158083904686981525e+00 -5.364649237116957181e+00 1.551884963764528780e-01 -5.364649237116957181e+00 5.771417730310147931e+00 1.184723419871285710e+00 1.551884963764528780e-01 1.184723419871285710e+00 -7.738495222969500098e+00
1.161468679802598047e-01 -5.879162010008235129e+00 -1.780279918689809671e-01 -5.879162010008235129e+00 8.314940402530145436e-01 -3.678555242922864621e-01 -1.780279918689809671e-01 -3.678555242922864621e-01 -8.357210821992412164e+00
2.557811666740820389e+00 -3.431580265058567836e+00 -9.693625519133068913e-01 -3.431580265058567836e+00 5.074003247321544841e+00 4.882017693954116000e-01 -9.693625519133068913e-01 4.882017693954116000e-01 -3.094554975660044338e+00
-1.354800138310540802e+00 -6.279670563751708068e-01 -7.113366257864087716e-01 -6.279670563751708068e-01 6.139415029662099954e+00 1.934412560796682889e+00 -7.113366257864087716e-01 1.934412560796682889e+00 -2.885711291550251190e+00
-4.100010284961576268e+00 -1.471317973446409244e+00 -1.195448395317871171e+00 -1.471317973446409244e+00 3.874495024590684622e+00 1.372293414272444334e+00 -1.195448395317871171e+00 1.372293414272444334e+00 -8.815073589183596070e+00
-1.277818835452024615e+01 -1.744954447905548545e+00 -2.716376817257002863e+00 -1.744954447905548545e+00 -1.232133680831965394e+00 9.784532340319260224e-02 -2.716376817257002863e+00 9.784532340319260224e-02 -1.595241897596219438e+01
-1.672284730955979981e+01 -1.107896480046508980e+00 -2.127491073653403841e+00 -1.107896480046508980e+00 -1.579966627469697293e+01 1.526737922318025797e-01 -2.127491073653403841e+00 1.526737922318025797e-01 -1.682313485308744916e+01
-2.018068633815254387e+01 -2.787161807002626612e-01 -1.932347172851079709e+00 -2.787161807002626612e-01 -2.198758106164039106e+01 -8.520964174583024464e-01 -1.932347172851079709e+00 -8.520964174583024464e-01 -1.414420892830240817e+01
-2.476140111974198277e+01 1.587075505601918568e+00 -3.945964397202781360e-01 1.587075505601918568e+00 -2.259630361849272973e+01 -1.051718693947919059e+00 -3.945964397202781360e-01 -1.051718693947919059e+00 -1.494267000937390932e+01
-2.066208980970511178e+01 1.282123692427087569e+00 1.527385031150988448e+00 1.282123692427087569e+00 -1.956327325090305180e+01 -7.450442248869826312e-01 1.527385031150988448e+00 -7.450442248869826312e-01 -9.538215092770029102e+00
-1.182505317748225337e+01 4.009047848711986273e-01 3.061432870550559571e+00 4.009047848711986273e-01 -1.264672264470732443e+01 -2.859666443312381290e+00 3.061432870550559571e+00 -2.859666443312381290e+00 -1.099336102376730828e+01
-1.196965877826988844e+01 -6.510285796280829151e-01 4.442850040968884251e+00 -6.510285796280829151e-01 -1.227369993536313864e+01 -3.531512059164450434e+00 4.442850040968884251e+00 -3.531512059164450434e+00 -1.735691672834506960e+01
-1.928215629922757657e+01 -1.867625011389006051e+00 3.101508802121510922e+00 -1.867625011389006051e+00 -1.457403387274104922e+01 -3.722068712984468952e+00 3.101508802121510922e+00 -3.722068712984468952e+00 -1.842652404818505119e+01
-1.868167344387896733e+01 -1.099567611182923788e+00 1.625773523108906327e+00 -1.099567611182923788e+00 -1.362239150860451353e+01 -1.376650853310379619e+00 1.625773523108906327e+00 -1.376650853310379619e+00 -2.178304929918497113e+00
-1.597400418296296820e+01 -8.129464933034162843e-01 -6.741306573842720251e-01 -8.129464933034162843e-01 -1.142806813541568189e+01 1.389802317382861974e+00 -6.741306573842720251e-01 1.389802317382861974e+00 1.269050682546181807e+00
-1.014162782671763097e+01 -6.491764903352923444e-01 -1.259178805919598743e+00 -6.491764903352923444e-01 -1.281072892720285239e+01 3.256412562263180099e+00 -1.259178805919598743e+00 3.256412562263180099e+00 -7.145625372968143374e+00
-6.677034717616743720e+00 -5.529958942130556165e-01 -1.667171588943132887e+00 -5.529958942130556165e-01 -6.901713321097783904e+00 3.486149896978918417e+00 -1.667171588943132887e+00 3.486149896978918417e+00 -1.354884367571946413e+01
-7.031638789243511489e+00 -1.256924766398987092e+00 -8.155059922165341924e-01 -1.256924766398987092e+00 1.734818227845858818e+00 2.311446950736022021e+00 -8.155059922165341924e-01 2.311446950736022021e+00 -1.227926366136081704e+01
-4.994357503632985029e+00 -1.584640759699697421e+00 3.071873037220005168e-02 -1.584640759699697421e+00 2.404016604642960520e+00 7.708686736952200524e-01 3.071873037220005168e-02 7.708686736952200524e-01 -5.649490658806174181e+00
-3.937954087411443260e-01 -1.789249468946171762e+00 -5.946989310685976138e-01 -1.789249468946171762e+00 3.187260800270387939e+00 -4.481921232142525580e-01 -5.946989310685976138e-01 -4.481921232142525580e-01 1.188299750992241499e+00
3.919795733159070927e+00 -1.403055244214456598e+00 -1.765896532247923645e+00 -1.403055244214456598e+00 5.570986888343126830e-01 -1.042382087806934532e+00 -1.765896532247923645e+00 -1.042382087806934532e+00 3.223943874609614291e+00
7.246950986105963999e+00 -5.613319552271311963e-01 -1.622272980786146013e+00 -5.613319552271311963e-01 2.607517399692700799e+00 -7.154875482341567228e-01 -1.622272980786146013e+00 -7.154875482341567228e-01 3.400722648803550907e+00
9.515824670328290935e+00 -3.075186302169005334e-02 -8.109964837020526840e-01 -3.075186302169005334e-02 6.692720567129588183e+00 -1.126308013549441656e+00 -8.109964837020526840e-01 -1.126308013549441656e+00 5.607925969134188726e+00
1.171904601881273500e+01 8.936823210216130464e-01 -3.409989994904312760e-01 8.936823210216130464e-01 8.550685238415345779e+00 -1.004350141770575799e+00 -3.409989994904312760e-01 -1.004350141770575799e+00 1.378233469335269490e+01
8.473079680868707442e+00 4.345609458145361925e-01 2.898140140962974232e-01 4.345609458145361925e-01 8.808403103191634997e+00 -8.282798707883013423e-01 2.898140140962974232e-01 -8.282798707883013423e-01 5.469367772062397215e+00
7.949898570079782623e+00 -4.157318180156295284e-01 5.983505679628684515e-01 -4.157318180156295284e-01 5.593704108838442046e+00 -1.783710158032672632e+00 5.983505679628684515e-01 -1.783710158032672632e+00 5.321722934914300929e+00
1.043790873270470776e+01 -5.214450528397956974e-01 2.452828486211127423e-01 -5.214450528397956974e-01 1.046818090495944631e+01 -1.728257818472716423e+00 2.452828486211127423e-01 -1.728257818472716423e+00 9.079217297609588400e+00
7.546388478207497919e+00 -3.952414196236953003e-01 1.063967646809389711e+00 -3.952414196236953003e-01 1.097948079513416531e+01 -7.170324903811590156e-01 1.063967646809389711e+00 -7.170324903811590156e-01 4.798625563027326457e+00
1.588874168593011005e+00 -1.193236489513121112e+00 1.126007407965243567e+00 -1.193236489513121112e+00 6.061858791195211538e+00 -3.757058086438638811e-01 1.126007407965243567e+00 -3.757058086438638811e-01 -2.203709533319110125e+00
-1.626355847358380569e+00 -1.410431280334108806e+00 5.847503240187951201e-01 -1.410431280334108806e+00 3.799565288312669042e-01 4.821499477156663271e-01 5.847503240187951201e-01 4.821499477156663271e-01 -6.024563515232435940e+00
-1.675181432910986645e+00 -1.757636042663268394e-01 4.480282472231696955e-01 -1.757636042663268394e-01 -4.130043459292194186e+00 1.018224176622582133e+00 4.480282472231696955e-01 1.018224176622582133e+00 -6.727522451438648687e+00
-8.968004782061959890e-02 5.663711757565598193e-01 -9.490014273863391775e-03 5.663711757565598193e-01 -7.879642989874360737e+00 5.491702474119458666e-01 -9.490014273863391775e-03 5.491702474119458666e-01 -7.352009069152594556e+00
1.982040927653416995e+00 4.249900530147237565e-01 -4.348062953675360665e-01 4.249900530147237565e-01 -6.799542208719295822e+00 -2.371902520628307587e-01 -4.348062953675360665e-01 -2.371902520628307587e-01 -3.964692434318151104e+00
-2.819588554527168611e+00 -4.597576298441814063e-02 -2.359754791944718433e-01 -4.597576298441814063e-02 -7.127496898902220934e+00 -5.644924619294848789e-01 -2.359754791944718433e-01 -5.644924619294848789e-01 -5.637972282638751942e+00
-9.078217281895366142e+00 -7.295752202609644410e-01 1.164080044653336699e-01 -7.295752202609644410e-01 -6.120290853567274425e+00 -2.430775911196907113e-01 1.164080044653336699e-01 -2.430775911196907113e-01 -1.206556454203717799e+01
-1.119645462389742718e+01 -1.223585732386931912e+00 3.042849632110855573e-01 -1.223585732386931912e+00 -5.964259166927893041e+00 -1.035626695780592410e+00 3.042849632110855573e-01 -1.035626695780592410e+00 -1.260395040998708893e+01
-9.516310611501264560e+00 -1.380785548815426811e+00 -9.503217032309592416e-02 -1.380785548815426811e+00 -5.446306365427016516e+00 -1.753697061167293736e+00 -9.503217032309592416e-02 -1.753697061167293736e+00 -1.222259693526761204e+01
-8.707422448567587736e+00 -1.907847783392179641e+00 -4.944832533584005430e-01 -1.907847783392179641e+00 -6.382751929121782908e+00 -1.129615363418947860e+00 -4.944832533584005430e-01 -1.129615363418947860e+00 -1.123565636351036900e+01
-7.449966015063520075e+00 -2.072192582524861049e+00 -7.863600378555715698e-02 -2.072192582524861049e+00 -6.575291967185856734e+00 -1.162074963544818873e+00 -7.863600378555715698e-02 -1.162074963544818873e+00 -1.026347511552982361e+01
-3.801668056393386230e+00 -1.830542555609177668e+00 9.005831353794589988e-01 -1.830542555609177668e+00 -7.391551230225364755e+00 -1.974510557542360489e+00 9.005831353794589988e-01 -1.974510557542360489e+00 -8.707198983507657530e+00
-1.411068399088739156e+00 -1.934505963727484845e+00 1.869138300872766445e+00 -1.934505963727484845e+00 -6.910587671032680568e+00 -2.192526694956389299e+00 1.869138300872766445e+00 -2.192526694956389299e+00 -6.120170570419996459e+00
2.777294753576031172e-01 -2.226386569612528010e+00 1.863021176390965206e+00 -2.226386569612528010e+00 -2.815155714921178109e+00 -1.768002299083615725e+00 1.863021176390965206e+00 -1.768002299083615725e+00 -3.469063673580589313e+00
2.520288917339478463e+00 -1.838541065397864882e+00 6.235033249684359680e-01 -1.838541065397864882e+00 2.536469860489983130e+00 -1.324915917525961273e+00 6.235033249684359680e-01 -1.324915917525961273e+00 -1.634568450545490936e+00
5.623999096676237208e+00 -3.028994900304109450e-01 -9.799909819049879012e-01 -3.028994900304109450e-01 1.264032347949807722e+01 6.465869486969175739e-01 -9.799909819049879012e-01 6.465869486969175739e-01 -9.222346993905364831e-01
7.244501790812748254e+00 7.866828996182352318e-01 -1.665985566357773395e+00 7.866828996182352318e-01 1.526222881191650416e+01 1.720092624000628678e+00 -1.665985566357773395e+00 1.720092624000628678e+00 -1.552878057503569886e+00
6.962611696153658158e+00 -1.299695680043045087e-01 -1.313465702297811122e+00 -1.299695680043045087e-01 8.626889536048375717e+00 1.341893755978158520e+00 -1.313465702297811122e+00 1.341893755978158520e+00 -4.558949470161540063e+00
6.581985094606834785e+00 -2.343468256588264964e+00 -7.572674783610073845e-01 -2.343468256588264964e+00 5.423451162488597710e+00 6.848517745930414735e-01 -7.572674783610073845e-01 6.848517745930414735e-01 -2.908754998311533058e+00
6.670471883872276742e+00 -3.920832313052140083e+00 4.666454281360769563e-01 -3.920832313052140083e+00 5.544990210287839894e+00 -5.965549462191173102e-01 4.666454281360769563e-01 -5.965549462191173102e-01 2.999493725882858453e+00
1.554378293716199844e+00 -4.565142867138033189e+00 1.155475580065339791e+00 -4.565142867138033189e+00 4.230764413557760228e+00 -1.215506568087658223e+00 1.155475580065339791e+00 -1.215506568087658223e+00 6.722323979510746561e+00
3.669514520576723227e-01 -5.616378609172691938e+00 1.464645181454424128e+00 -5.616378609172691938e+00 5.874487743342021950e+00 -2.340694842875795878e+00 1.464645181454424128e+00 -2.340694842875795878e+00 6.173918405343440163e+00
2.182172976651234109e+00 -5.853910218042257974e+00 4.844861475921408700e-01 -5.853910218042257974e+00 7.252689963676797191e+00 -3.199482768031090885e+00 4.844861475921408700e-01 -3.199482768031090885e+00 -7.653383365577827169e-01
2.649130899175355047e+00 -3.029628115520380138e+00 -2.229287648167569691e-01 -3.029628115520380138e+00 5.712016559942814986e+00 -4.079007854606079064e+00 -2.229287648167569691e-01 -4.079007854606079064e+00 -1.932793137905958858e+00
9.401841488357723264e+00 2.800890498418285302e-01 3.056200378409788532e-01 2.800890498418285302e-01 5.784652878080501770e-01 -3.214146363261857431e+00 3.056200378409788532e-01 -3.214146363261857431e+00 -6.814386538097876311e+00
4.491745926695426938e+00 4.024001178995706418e+00 1.287181952529767637e+00 4.024001178995706418e+00 -4.957303948585064290e+00 -5.283605336631305160e-01 1.287181952529767637e+00 -5.283605336631305160e-01 -1.184480004951150534e+01
-5.796155595192039378e+00 3.766758173720172298e+00 1.797359738791610928e+00 3.766758173720172298e+00 -1.128237701497807421e+01 -2.803884324423814856e-01 1.797359738791610928e+00 -2.803884324423814856e-01 -1.542038338926836794e+01
-1.441743000497691440e+01 6.097037659648084640e-01 1.439798614678686306e+00 6.097037659648084640e-01 -2.042522260155692848e+01 -6.751211487944140943e-01 1.439798614678686306e+00 -6.751211487944140943e-01 -1.519132126274352679e+01
-1.391512055528122005e+01 -1.288725638129229800e+00 8.342442669898372798e-02 -1.288725638129229800e+00 -1.765716273832966721e+01 -2.938308712900222219e-01 8.342442669898372798e-02 -2.938308712900222219e-01 -1.172359101751768584e+01
-1.004673208879440516e+01 -1.571201307808014702e+00 -1.874747515233886164e+00 -1.571201307808014702e+00 -1.286059992723420287e+01 3.585583529796568802e-01 -1.874747515233886164e+00 3.585583529796568802e-01 -6.874972676162276919e+00
-7.645828344287773248e+00 -1.177300085203193847e+00 -1.381545693912807904e+00 -1.177300085203193847e+00 -1.454847583922498266e+01 8.058943827354330125e-01 -1.381545693912807904e+00 8.058943827354330125e-01 -1.145257827151776198e+01
-1.266414596144292304e+01 -4.499870094400229004e-01 -3.381619693114806813e-02 -4.499870094400229004e-01 -1.972203487493887764e+01 -5.087713400001050434e-01 -3.381619693114806813e-02 -5.087713400001050434e-01 -2.307481765184542866e+01
-1.586104374919035642e+01 3.098813725223050972e-02 -1.174418474868642870e-01 3.098813725223050972e-02 -1.491675649378861479e+01 -3.117432061067018090e+00 -1.174418474868642870e-01 -3.117432061067018090e+00 -2.483605929342083840e+01
-1.618548531030472404e+01 -3.110273439600343970e-01 7.473792290360575796e-01 -3.110273439600343970e-01 -7.271878837085468561e+00 -4.796659785046860414e+00 7.473792290360575796e-01 -4.796659785046860414e+00 -2.115742588173319660e+01
-6.406098078259208073e+00 -1.752815494910166638e+00 -4.887157137940579266e-01 -1.752815494910166638e+00 -7.241499280795896887e+00 -3.356067282367705573e+00 -4.887157137940579266e-01 -3.356067282367705573e+00 -1.173308734824010102e+01
-2.471876141428226425e+00 -2.021436923653560314e+00 -1.889501051885300598e+00 -2.021436923653560314e+00 -9.887391430727879182e+00 -2.001229403862395451e+00 -1.889501051885300598e+00 -2.001229403862395451e+00 -6.840437581089108043e+00
-5.696421710321839527e+00 -7.956960049610023455e-01 -4.183370602709478581e-01 -7.956960049610023455e-01 -1.282474575774553038e+01 -2.211134965161554611e+00 -4.183370602709478581e-01 -2.211134965161554611e+00 -4.914352717905369872e+00
-5.406833331747974647e+00 4.216133448626199764e-01 -8.098125325512132988e-02 4.216133448626199764e-01 -8.215143340164059893e+00 -3.678833727150685906e+00 -8.098125325512132988e-02 -3.678833727150685906e+00 -4.375049149432843620e+00
1.150525088421424647e+00 3.628976105845955757e-01 -7.608295375605507171e-01 3.628976105845955757e-01 -3.200085564562375140e+00 -3.215694181485078129e+00 -7.608295375605507171e-01 -3.215694181485078129e+00 -3.225169687110888805e+00
-1.463588734281134895e-01 2.216340786035436050e+00 7.149862193322836790e-01 2.216340786035436050e+00 -2.416479138185681386e+00 -3.749508255144521351e-01 7.149862193322836790e-01 -3.749508255144521351e-01 -4.290912921460204643e+00
1.525301177715712386e+00 1.547665076086659264e+00 6.865485596556987202e-01 1.547665076086659264e+00 -6.649695295329722811e+00 5.835200241298708068e-01 6.865485596556987202e-01 5.835200241298708068e-01 -4.992062854238396241e+00
5.739067895368728855e+00 1.993530862306935603e-01 5.460626337515374074e-01 1.993530862306935603e-01 -3.519026539574281465e+00 1.051020555402701673e+00 5.460626337515374074e-01 1.051020555402701673e+00 -1.129434506818815409e+00
7.195378824141701379e+00 3.067334182951269583e-01 9.595177707964022140e-01 3.067334182951269583e-01 1.524602396130181781e+00 1.072630612621999546e+00 9.595177707964022140e-01 1.072630612621999546e+00 -6.295730615946817377e-01
1.176512994712485938e+00 -6.054648038078208616e-01 3.517015965118631682e-01 -6.054648038078208616e-01 1.914194857739228928e+00 8.323512972165095780e-01 3.517015965118631682e-01 8.323512972165095780e-01 -2.162016736706763975e+00
-4.576060878987147085e-01 -1.163686418467583916e+00 -1.368337664112792007e-01 -1.163686418467583916e+00 3.818013696412557056e+00 -1.162248850759518143e-01 -1.368337664112792007e-01 -1.162248850759518143e-01 -5.894873113579840451e-01
4.349540928585524102e-01 -6.643566151085927851e-01 8.469310299451955348e-01 -6.643566151085927851e-01 4.808359897666570681e+00 -1.553572273238744694e+00 8.469310299451955348e-01 -1.553572273238744694e+00 1.965356526382068536e-01
4.065873053432192741e+00 -1.582021258447458001e-01 4.563997658038709826e-01 -1.582021258447458001e-01 1.058870229000674890e+01 -2.028542702207364545e+00 4.563997658038709826e-01 -2.028542702207364545e+00 4.153922666884583004e-01
6.250838108198010445e+00 -2.903887296993732381e-01 -3.463171883770934656e-01 -2.903887296993732381e-01 4.964927775553152678e+00 -8.375885878120729044e-01 -3.463171883770934656e-01 -8.375885878120729044e-01 -3.677774342553443571e-02
9.115733599954763733e+00 -6.585413682277287961e-01 4.960416141097248044e-01 -6.585413682277287961e-01 4.646017500713610637e+00 -2.710382945178286263e-01 4.960416141097248044e-01 -2.710382945178286263e-01 3.969096439211068361e-01
9.628877577139220989e+00 -6.259422485079544352e-01 7.872655236912248222e-01 -6.259422485079544352e-01 1.060709713851148983e+00 -3.056138775114446982e-01 7.872655236912248222e-01 -3.056138775114446982e-01 -6.022881679360494012e+00
6.325225695576055074e+00 -4.117994542883193221e-01 7.175041308338718782e-01 -4.117994542883193221e-01 1.033178754273973210e+00 3.987237549552450355e-01 7.175041308338718782e-01 3.987237549552450355e-01 -4.546156190888475557e+00
3.871011566358637968e+00 -2.201911084465667801e-01 5.754175353928178138e-01 -2.201911084465667801e-01 1.181762280459618536e-01 4.276520494435649411e-01 5.754175353928178138e-01 4.276520494435649411e-01 -3.699097701290857465e+00
4.441364698596806382e-01 -5.902875220874130580e-02 5.254785134820094683e-01 -5.902875220874130580e-02 -1.065119970495152391e+00 -2.019602227782354431e-01 5.254785134820094683e-01 -2.019602227782354431e-01 -2.421480293750096990e+00
-1.987391349925314188e+00 -1.146983414414068786e-01 6.322020018880926129e-01 -1.146983414414068786e-01 -3.846127169314520255e+00 -5.125187172081421272e-01 6.322020018880926129e-01 -5.125187172081421272e-01 -3.162167293078549157e+00
-3.636138909522768969e+00 6.682249035889613331e-02 7.145981486347051659e-01 6.682249035889613331e-02 -3.827105736956425641e+00 -6.734752164937837238e-01 7.145981486347051659e-01 -6.734752164937837238e-01 -5.308516816598955579e+00
-4.830234198090773923e+00 2.282274309760990716e-01 9.581605322941015856e-01 2.282274309760990716e-01 -2.289027127117194471e+00 -4.946289202115316391e-02 9.581605322941015856e-01 -4.946289202115316391e-02 -7.173935737516075051e+00
-3.502727498429621722e+00 -1.447496113964224784e-01 8.437021489873482993e-01 -1.447496113964224784e-01 -4.280869930236052556e-01 1.211446415792019726e+00 8.437021489873482993e-01 1.211446415792019726e+00 -9.392942155801295101e+00
-5.115193102178931639e+00 -2.458085392933415936e-01 1.102508895776953324e+00 -2.458085392933415936e-01 -5.569995598945935988e+00 1.253323652518684161e+00 1.102508895776953324e+00 1.253323652518684161e+00 -1.178378940415931808e+01
-5.135932731033032717e+00 5.418578889231411289e-01 1.074728549649488052e+00 5.418578889231411289e-01 -8.769515812065144189e+00 8.541792422328501333e-01 1.074728549649488052e+00 8.541792422328501333e-01 -1.040250939132508989e+01
-2.807810456280854350e+00 1.824064591148487624e+00 8.498878811480097273e-01 1.824064591148487624e+00 -9.071261949674108038e+00 2.227873773867209417e-01 8.498878811480097273e-01 2.227873773867209417e-01 -9.305206209632901349e+00
-1.496481620527493339e+00 2.812970481342925932e+00 1.261475671067050719e+00 2.812970481342925932e+00 -6.311834644009724826e+00 -5.932143035994532632e-01 1.261475671067050719e+00 -5.932143035994532632e-01 -1.040742206436787143e+01
-6.974665201951903981e-01 2.681878420004237373e+00 1.160874626526687381e+00 2.681878420004237373e+00 -4.429133494194682719e+00 -1.117211446294740673e+00 1.160874626526687381e+00 -1.117211446294740673e+00 -9.968894610030622161e+00
1.463625152210503488e+00 1.016362505765148860e+00 5.810915751547189867e-01 1.016362505765148860e+00 -3.454392986454097425e+00 -9.652257816394435030e-01 5.810915751547189867e-01 -9.652257816394435030e-01 -7.129175715806628233e+00
9.295363950104378326e-01 -1.581440770275913232e+00 8.399371827106023591e-01 -1.581440770275913232e+00 -2.607228130161309387e+00 -2.692304475243352813e-01 8.399371827106023591e-01 -2.692304475243352813e-01 -5.966645943563957388e+00
3.235812634062486648e+00 -2.820904148099675268e+00 1.309207983909599582e+00 -2.820904148099675268e+00 -2.510843832539579434e+00 8.208626931705435836e-02 1.309207983909599582e+00 8.208626931705435836e-02 -4.731206087035500829e+00
5.148508510261503801e+00 -2.251838692086692184e+00 1.172123409235875213e+00 -2.251838692086692184e+00 1.731558236342295165e-01 1.801886103705225839e-01 1.172123409235875213e+00 1.801886103705225839e-01 -1.929200068493633013e+00
5.579057400474220607e+00 -1.436821758240772740e+00 1.165515760659886269e+00 -1.436821758240772740e+00 1.001582420288980702e+00 3.155166522272611490e-03 1.165515760659886269e+00 3.155166522272611490e-03 -2.083507444577185286e+00
6.174308972906706217e+00 -3.622011403770110105e-01 1.183864070268783930e+00 -3.622011403770110105e-01 -5.022081302290405391e-01 -9.822406613987494373e-01 1.183864070268783930e+00 -9.822406613987494373e-01 -4.604054467082209001e+00
9.443695280173807660e+00 8.039207558137250187e-01 5.359998357843342998e-01 8.039207558137250187e-01 -5.317856705962857866e-01 -1.974050194597705588e+00 5.359998357843342998e-01 -1.974050194597705588e+00 -2.373070650197306453e+00
9.143672020988914184e+00 1.161939340260583542e+00 4.350953649444251892e-01 1.161939340260583542e+00 -1.420127615502800832e-03 -2.083918859373314891e+00 4.350953649444251892e-01 -2.083918859373314891e+00 -2.366229167545313761e+00
7.092953060106077956e+00 4.485260302312240044e-01 1.848304606974341124e-01 4.485260302312240044e-01 1.141358423063915994e+00 -1.450689836335324223e+00 1.848304606974341124e-01 -1.450689836335324223e+00 -1.917251316072521972e+00
6.118628263065027717e+00 4.032110026538687775e-01 1.289049758417992464e-01 4.032110026538687775e-01 4.895935811157629658e+00 -1.180829358026512094e-01 1.289049758417992464e-01 -1.180829358026512094e-01 1.228078239534193150e+00
4.016207223256119008e+00 8.178384513997123406e-01 -2.018781503559183010e-01 8.178384513997123406e-01 2.701676021491888680e+00 7.327385558027605938e-01 -2.018781503559183010e-01 7.327385558027605938e-01 2.959806737061215554e+00
